mse: 0.220971808
mae: 0.568430007
aed: 0.449491888
smape: 0.008161630
fde: 0.337730765