mse: 0.197844058
mae: 0.339830399
aed: 0.286639631
smape: 0.004729341
fde: 1.457289815