mse: 0.096722737
mae: 0.240042105
aed: 0.181726828
smape: 0.002954368
fde: 1.325970411