mse: 0.188480735
mae: 0.430795938
aed: 0.397722751
smape: 0.007209613
fde: 0.051978655