mse: 0.018658435
mae: 0.162714288
aed: 0.135704875
smape: 0.002464628
fde: 0.144897401