mse: 0.006294008
mae: 0.084702544
aed: 0.070670776
smape: 0.001157661
fde: 0.053574577