mse: 1.042368412
mae: 1.237248421
aed: 0.969706714
smape: 0.017705236
fde: 0.561121285