mse: 0.076639242
mae: 0.273460984
aed: 0.202496484
smape: 0.003636536
fde: 1.083632469