mse: 0.059123091
mae: 0.213128626
aed: 0.183580324
smape: 0.002994829
fde: 0.888657033