mse: 0.377948701
mae: 0.776089549
aed: 0.601947546
smape: 0.010963603
fde: 0.388128608