mse: 0.015122660
mae: 0.150480941
aed: 0.112979986
smape: 0.001991410
fde: 0.128086999