mse: 0.007848796
mae: 0.112415932
aed: 0.084724851
smape: 0.001497351
fde: 0.094029054