mse: 0.020870619
mae: 0.113679893
aed: 0.092301041
smape: 0.001503284
fde: 0.541778386