mse: 0.031511642
mae: 0.198316187
aed: 0.143509418
smape: 0.002469846
fde: 0.562241733