mse: 0.088149458
mae: 0.252984762
aed: 0.201910600
smape: 0.003317504
fde: 1.072851181