mse: 0.181738690
mae: 0.533307433
aed: 0.407972455
smape: 0.007269362
fde: 0.684922755