mse: 0.017674917
mae: 0.146176159
aed: 0.114038527
smape: 0.001896367
fde: 0.329732448