mse: 0.176132783
mae: 0.481816113
aed: 0.364873260
smape: 0.006666226
fde: 0.073045537