mse: 0.149348527
mae: 0.461949587
aed: 0.350895107
smape: 0.006269156
fde: 0.420580775