mse: 0.158038199
mae: 0.479577869
aed: 0.369879961
smape: 0.006618508
fde: 0.657363832