mse: 0.054236803
mae: 0.247889087
aed: 0.181533694
smape: 0.003128271
fde: 0.822722793