mse: 0.067736693
mae: 0.324672103
aed: 0.235772371
smape: 0.003895400
fde: 0.511214554