mse: 0.024611134
mae: 0.180022180
aed: 0.135745510
smape: 0.002428558
fde: 0.428215981