mse: 0.015346413
mae: 0.141916677
aed: 0.106535718
smape: 0.001907925
fde: 0.370136470