mse: 0.036934391
mae: 0.228720725
aed: 0.183730289
smape: 0.003288643
fde: 0.271096557