mse: 0.008914161
mae: 0.098633252
aed: 0.077805616
smape: 0.001295702
fde: 0.277862132