mse: 1.072874308
mae: 1.229581475
aed: 0.959387302
smape: 0.017407747
fde: 0.438014835