mse: 0.024470808
mae: 0.146559730
aed: 0.127356887
smape: 0.002089124
fde: 0.485706419