mse: 0.009665540
mae: 0.110778309
aed: 0.079897285
smape: 0.001386171
fde: 0.331768900