mse: 0.032146022
mae: 0.200829208
aed: 0.145854801
smape: 0.002413123
fde: 0.471719176