mse: 0.072130591
mae: 0.285709649
aed: 0.207963020
smape: 0.003582803
fde: 0.884902954