mse: 0.030760450
mae: 0.225513756
aed: 0.168160781
smape: 0.003068463
fde: 0.038238574