mse: 0.028306525
mae: 0.196170598
aed: 0.145906225
smape: 0.002598791
fde: 0.322185725