mse: 0.054044422
mae: 0.194591418
aed: 0.158115625
smape: 0.002570393
fde: 0.834364772