mse: 0.095599212
mae: 0.325784683
aed: 0.265473723
smape: 0.004732368
fde: 0.560552239