mse: 0.024396967
mae: 0.172061384
aed: 0.130573288
smape: 0.002351667
fde: 0.491362363